Objectives,Agents,SuccessRate

2,5,0.9
2,10,0.9
2,15,0.6
2,20,0.4
2,25,0.3
2,30,0
2,35,0

3,5,0.8
3,10,0.7
3,15,0.5
3,20,0.3
3,25,0.1
3,30,0
3,35,0


4,5,0
4,10,0
4,15,0
4,20,0
4,25,0
4,30,0
4,35,0

5,5,0
5,10,0
5,15,0
5,20,0
5,25,0
5,30,0
5,35,0

6,5,0
6,10,0
6,15,0
6,20,0
6,25,0
6,30,0
6,35,0

7,5,0
7,10,0
7,15,0
7,20,0
7,25,0
7,30,0
7,35,0

8,5,0
8,10,0
8,15,0
8,20,0
8,25,0
8,30,0
8,35,0

9,5,0
9,10,0
9,15,0
9,20,0
9,25,0
9,30,0
9,35,0

10,5,0
10,10,0
10,15,0
10,20,0
10,25,0
10,30,0
10,35,0

